Dynamics : [1.38 -0.208 6.715 -5.676; -0.581 -4.29 0 0.675; 1.067 4.273 -6.654 5.893; 0.048 4.273 1.343 -2.104],  [0 0;5.679 0;1.136 -3.146;1.136 0]
Controller : [0.91164692 -2.73379132 -0.5620444  -3.06753907; 4.81750601 -0.00588182  3.62774157 -2.04183089]
Triggering Sampling Time: .01
Triggering Heartbeat: 0.20
Triggering Condition: [ 4.12710357 -0.45370586  3.05357054 -2.27394812 -2.40394643          0.25205881 -1.69642808  1.26330451; -0.45370586  1.14525693  0.27273139  1.51164385  0.25205881         -0.74736496 -0.15151744 -0.83980214;  3.05357054  0.27273139  2.2257525  -1.02296549 -1.69642808  -0.15151744 -1.34764028  0.56831416; -2.27394812  1.51164385 -1.02296549  2.24419648  1.26330451  -0.83980214  0.56831416 -1.35788693;  -2.40394643  0.25205881 -1.69642808  1.26330451  0.                 0.          0.          0.        ;  0.25205881 -0.74736496 -0.15151744 -0.83980214  0.              0.          0.          0.        ; -1.69642808 -0.15151744 -1.34764028  0.56831416  0.                 0.          0.          0.        ;  1.26330451 -0.83980214  0.56831416 -1.35788693  0.                 0.          0.          0.        ]
