Dynamics : [1.38 -0.208 6.715 -5.676; -0.581 -4.29 0 0.675; 1.067 4.273 -6.654 5.893; 0.048 4.273 1.343 -2.104],  [0 0;5.679 0;1.136 -3.146;1.136 0]
Controller : [ 1.46578949 -3.80380511 -0.73193205 -4.36947818;  6.26298161 -0.05067128  4.84782066 -2.56752102]
Triggering Sampling Time: .01
Triggering Heartbeat: 0.20
Triggering Condition: [ 3.52361297 -0.53036377  2.6360058  -2.02365649 -2.06867387   0.29464654 -1.46444767  1.12425361; -0.53036377  1.10243508  0.22846334  1.50756687  0.29464654        -0.72357505 -0.12692408 -0.83753715;  2.6360058   0.22846334  1.96333807 -0.83238483 -1.46444767  -0.12692408 -1.20185449  0.46243602;  -2.02365649  1.50756687 -0.83238483  2.11160534  1.12425361       -0.83753715  0.46243602 -1.28422519; -2.06867387  0.29464654 -1.46444767  1.12425361  0.     0.          0.          0.        ; 0.29464654 -0.72357505 -0.12692408 -0.83753715  0.          0.          0.          0.        ;  -1.46444767 -0.12692408 -1.20185449  0.46243602  0.          0.          0.          0.        ;  1.12425361 -0.83753715  0.46243602 -1.28422519  0.          0.          0.          0.        ]